============================================================
 SDR EMPFANGS-PROTOKOLL & BER-ANALYSE
============================================================
Datum / Zeit : 2026-07-29 20:42:02
I/Q-Rohdaten : iq_dump_20260729_204202.npy (als komprimiertes NumPy-Array gespeichert)
Konfiguration: SF=5, Bandbreite=1.0 MHz, Samplerate=2.0 MSPS

GESAMT-STATISTIK:
Total empfangene Pakete     : 3
Total empfangene Nutzbits   : 972
Gesamt Hardware-Fehler      : 494 (durch LDPC erfolgreich repariert)
Gesamt fehlerhafte Nutzbits : 499 (unkorrigierbar)
Finale Bit Error Rate (BER) : 51.3374%
============================================================

GESAMTER EMPFANGENER BITSTREAM (Decodiert):
001101001001101011010100010001011110010111010110001010111101111111000111101101011011010011101101001111010011010110010001001111001101100011001001110110111000101110101011110000001011100011101000010011101110100100101101010100001111010000011110101100110000101111100010101110001100001101100000110011011100001010101001110000100111100111000010100100101001001100100011001000110010111001101110011001000010111100101100011001001100110010001101110000101101101011011101110101011100011100100111101110100001101000100110010000010111110011111010101100001111010010000000010110101011011101100111010010110100110010110111000110001010111011100100011100010111101110000001111010000111101110001000111011100000110100010101111101001111111000000111111101011100111011101111110101011101010111110101011001111001001111110001111000000100000011111101110011000000000100011100001101011111100100000110000010010000100011011000111001111111000111100101111001010000101100100111000111110000011000110001111110000101

============================================================

DETAILLIERTE PAKET-DATEN (Symbole & Array-Dumps):

--- Paket 1 ---
Statistik pro Paket: LDPC hat 167 Fehler repariert | Unkorrigierbare Bitfehler (BER): 168

Decodierte Bits:
[0, 0, 1, 1, 0, 1, 0, 0, 1, 0, 0, 1, 1, 0, 1, 0, 1, 1, 0, 1, 0, 1, 0, 0, 0, 1, 0, 0, 0, 1, 0, 1, 1, 1, 1, 0, 0, 1, 0, 1, 1, 1, 0, 1, 0, 1, 1, 0, 0, 0, 1, 0, 1, 0, 1, 1, 1, 1, 0, 1, 1, 1, 1, 1, 1, 1, 0, 0, 0, 1, 1, 1, 1, 0, 1, 1, 0, 1, 0, 1, 1, 0, 1, 1, 0, 1, 0, 0, 1, 1, 1, 0, 1, 1, 0, 1, 0, 0, 1, 1, 1, 1, 0, 1, 0, 0, 1, 1, 0, 1, 0, 1, 1, 0, 0, 1, 0, 0, 0, 1, 0, 0, 1, 1, 1, 1, 0, 0, 1, 1, 0, 1, 1, 0, 0, 0, 1, 1, 0, 0, 1, 0, 0, 1, 1, 1, 0, 1, 1, 0, 1, 1, 1, 0, 0, 0, 1, 0, 1, 1, 1, 0, 1, 0, 1, 0, 1, 1, 1, 1, 0, 0, 0, 0, 0, 0, 1, 0, 1, 1, 1, 0, 0, 0, 1, 1, 1, 0, 1, 0, 0, 0, 0, 1, 0, 0, 1, 1, 1, 0, 1, 1, 1, 0, 1, 0, 0, 1, 0, 0, 1, 0, 1, 1, 0, 1, 0, 1, 0, 1, 0, 0, 0, 0, 1, 1, 1, 1, 0, 1, 0, 0, 0, 0, 0, 1, 1, 1, 1, 0, 1, 0, 1, 1, 0, 0, 1, 1, 0, 0, 0, 0, 1, 0, 1, 1, 1, 1, 1, 0, 0, 0, 1, 0, 1, 0, 1, 1, 1, 0, 0, 0, 1, 1, 0, 0, 0, 0, 1, 1, 0, 1, 1, 0, 0, 0, 0, 0, 1, 1, 0, 0, 1, 1, 0, 1, 1, 1, 0, 0, 0, 0, 1, 0, 1, 0, 1, 0, 1, 0, 0, 1, 1, 1, 0, 0, 0, 0, 1, 0, 0, 1, 1, 1]

Empfangene Symbole:
[(np.int64(6), 1, 0), (np.int64(27), 0, 2), (np.int64(24), 1, 0), (np.int64(8), 1, 1), (np.int64(28), 1, 1), (np.int64(26), 1, 2), (np.int64(5), 0, 3), (np.int64(27), 1, 3), (np.int64(24), 1, 3), (np.int64(22), 1, 1), (np.int64(22), 1, 0), (np.int64(29), 1, 1), (np.int64(7), 1, 1), (np.int64(7), 1, 1), (np.int64(18), 0, 1), (np.int64(7), 1, 0), (np.int64(15), 0, 0), (np.int64(25), 0, 1), (np.int64(27), 0, 3), (np.int64(17), 0, 3), (np.int64(21), 0, 3), (np.int64(24), 0, 0), (np.int64(23), 0, 0), (np.int64(29), 0, 0), (np.int64(9), 1, 2), (np.int64(29), 0, 1), (np.int64(5), 1, 1), (np.int64(10), 1, 0), (np.int64(30), 0, 0), (np.int64(3), 1, 2), (np.int64(22), 0, 3), (np.int64(1), 0, 3), (np.int64(28), 0, 2), (np.int64(23), 0, 0), (np.int64(24), 0, 3), (np.int64(14), 0, 0), (np.int64(29), 1, 1), (np.int64(24), 0, 2), (np.int64(21), 0, 1), (np.int64(24), 0, 2), (np.int64(15), 0, 0), (np.int64(0), 0, 2), (np.int64(21), 0, 2), (np.int64(24), 0, 1), (np.int64(21), 0, 2), (np.int64(13), 1, 3), (np.int64(7), 1, 0), (np.int64(5), 1, 1), (np.int64(6), 1, 2), (np.int64(26), 1, 1), (np.int64(4), 1, 2), (np.int64(4), 0, 3), (np.int64(5), 0, 1), (np.int64(0), 0, 1), (np.int64(2), 0, 2), (np.int64(3), 0, 1), (np.int64(7), 0, 0), (np.int64(5), 1, 0), (np.int64(31), 0, 2), (np.int64(30), 1, 0), (np.int64(3), 0, 2), (np.int64(28), 0, 0), (np.int64(28), 0, 2), (np.int64(29), 1, 0), (np.int64(25), 1, 1), (np.int64(23), 1, 1), (np.int64(4), 1, 1), (np.int64(25), 0, 1), (np.int64(4), 0, 0), (np.int64(6), 0, 2), (np.int64(26), 0, 3), (np.int64(3), 0, 0), (np.int64(10), 1, 2), (np.int64(29), 0, 3), (np.int64(1), 1, 0), (np.int64(3), 0, 1), (np.int64(30), 1, 0), (np.int64(6), 1, 1), (np.int64(12), 1, 1), (np.int64(29), 1, 1), (np.int64(20), 0, 1)]

----------------------------------------

--- Paket 2 ---
Statistik pro Paket: LDPC hat 156 Fehler repariert | Unkorrigierbare Bitfehler (BER): 173

Decodierte Bits:
[1, 0, 0, 1, 1, 1, 0, 0, 0, 0, 1, 0, 1, 0, 0, 1, 0, 0, 1, 0, 1, 0, 0, 1, 0, 0, 1, 1, 0, 0, 1, 0, 0, 0, 1, 1, 0, 0, 1, 0, 0, 0, 1, 1, 0, 0, 1, 0, 1, 1, 1, 0, 0, 1, 1, 0, 1, 1, 1, 0, 0, 1, 1, 0, 0, 1, 0, 0, 0, 0, 1, 0, 1, 1, 1, 1, 0, 0, 1, 0, 1, 1, 0, 0, 0, 1, 1, 0, 0, 1, 0, 0, 1, 1, 0, 0, 1, 1, 0, 0, 1, 0, 0, 0, 1, 1, 0, 1, 1, 1, 0, 0, 0, 0, 1, 0, 1, 1, 0, 1, 1, 0, 1, 0, 1, 1, 0, 1, 1, 1, 0, 1, 1, 1, 0, 1, 0, 1, 0, 1, 1, 1, 0, 0, 0, 1, 1, 1, 0, 0, 1, 0, 0, 1, 1, 1, 1, 0, 1, 1, 1, 0, 1, 0, 0, 0, 0, 1, 1, 0, 1, 0, 0, 0, 1, 0, 0, 1, 1, 0, 0, 1, 0, 0, 0, 0, 0, 1, 0, 1, 1, 1, 1, 1, 0, 0, 1, 1, 1, 1, 1, 0, 1, 0, 1, 0, 1, 1, 0, 0, 0, 0, 1, 1, 1, 1, 0, 1, 0, 0, 1, 0, 0, 0, 0, 0, 0, 0, 0, 1, 0, 1, 1, 0, 1, 0, 1, 0, 1, 1, 0, 1, 1, 1, 0, 1, 1, 0, 0, 1, 1, 1, 0, 1, 0, 0, 1, 0, 1, 1, 0, 1, 0, 0, 1, 1, 0, 0, 1, 0, 1, 1, 0, 1, 1, 1, 0, 0, 0, 1, 1, 0, 0, 0, 1, 0, 1, 0, 1, 1, 1, 0, 1, 1, 1, 0, 0, 1, 0, 0, 0, 1, 1, 1, 0, 0, 0, 1, 0, 1, 1, 1, 1, 0, 1, 1, 1, 0, 0, 0, 0, 0, 0, 1]

Empfangene Symbole:
[(np.int64(7), 1, 0), (np.int64(5), 0, 1), (np.int64(5), 0, 1), (np.int64(6), 0, 2), (np.int64(6), 0, 2), (np.int64(6), 0, 2), (np.int64(28), 1, 2), (np.int64(28), 1, 2), (np.int64(8), 0, 2), (np.int64(30), 0, 2), (np.int64(24), 1, 2), (np.int64(9), 1, 0), (np.int64(25), 0, 0), (np.int64(27), 0, 0), (np.int64(1), 1, 1), (np.int64(20), 1, 1), (np.int64(27), 1, 1), (np.int64(11), 1, 0), (np.int64(14), 0, 2), (np.int64(15), 0, 3), (np.int64(20), 0, 1), (np.int64(20), 0, 2), (np.int64(12), 1, 0), (np.int64(2), 1, 3), (np.int64(25), 1, 3), (np.int64(21), 0, 3), (np.int64(1), 1, 3), (np.int64(25), 0, 0), (np.int64(0), 0, 1), (np.int64(21), 0, 3), (np.int64(14), 1, 2), (np.int64(14), 1, 0), (np.int64(22), 1, 0), (np.int64(25), 0, 3), (np.int64(14), 0, 1), (np.int64(25), 0, 2), (np.int64(29), 1, 2), (np.int64(8), 1, 3), (np.int64(2), 1, 3), (np.int64(23), 0, 0), (np.int64(2), 0, 3), (np.int64(14), 1, 0), (np.int64(20), 1, 3), (np.int64(24), 0, 1), (np.int64(0), 0, 2), (np.int64(21), 0, 1), (np.int64(28), 0, 0), (np.int64(27), 0, 2), (np.int64(18), 1, 1), (np.int64(18), 1, 1), (np.int64(9), 1, 1), (np.int64(26), 0, 3), (np.int64(27), 0, 2), (np.int64(8), 0, 2), (np.int64(30), 0, 0), (np.int64(2), 1, 1), (np.int64(31), 0, 3), (np.int64(2), 0, 1), (np.int64(6), 1, 3), (np.int64(2), 0, 3), (np.int64(28), 0, 1), (np.int64(28), 0, 0), (np.int64(5), 1, 0), (np.int64(8), 1, 1), (np.int64(31), 1, 2), (np.int64(9), 0, 1), (np.int64(0), 1, 1), (np.int64(29), 0, 2), (np.int64(27), 1, 1), (np.int64(2), 1, 0), (np.int64(3), 0, 1), (np.int64(7), 0, 3), (np.int64(25), 1, 3), (np.int64(8), 1, 3), (np.int64(22), 0, 3), (np.int64(1), 0, 3), (np.int64(22), 1, 3), (np.int64(3), 1, 0), (np.int64(7), 0, 0), (np.int64(4), 0, 0), (np.int64(4), 1, 2)]

----------------------------------------

--- Paket 3 ---
Statistik pro Paket: LDPC hat 171 Fehler repariert | Unkorrigierbare Bitfehler (BER): 158

Decodierte Bits:
[1, 1, 1, 0, 1, 0, 0, 0, 0, 1, 1, 1, 1, 0, 1, 1, 1, 0, 0, 0, 1, 0, 0, 0, 1, 1, 1, 0, 1, 1, 1, 0, 0, 0, 0, 0, 1, 1, 0, 1, 0, 0, 0, 1, 0, 1, 0, 1, 1, 1, 1, 1, 0, 1, 0, 0, 1, 1, 1, 1, 1, 1, 1, 0, 0, 0, 0, 0, 0, 1, 1, 1, 1, 1, 1, 1, 0, 1, 0, 1, 1, 1, 0, 0, 1, 1, 1, 0, 1, 1, 1, 0, 1, 1, 1, 1, 1, 1, 0, 1, 0, 1, 0, 1, 1, 1, 0, 1, 0, 1, 0, 1, 1, 1, 1, 1, 0, 1, 0, 1, 0, 1, 1, 0, 0, 1, 1, 1, 1, 0, 0, 1, 0, 0, 1, 1, 1, 1, 1, 1, 0, 0, 0, 1, 1, 1, 1, 0, 0, 0, 0, 0, 0, 1, 0, 0, 0, 0, 0, 0, 1, 1, 1, 1, 1, 1, 0, 1, 1, 1, 0, 0, 1, 1, 0, 0, 0, 0, 0, 0, 0, 0, 0, 1, 0, 0, 0, 1, 1, 1, 0, 0, 0, 0, 1, 1, 0, 1, 0, 1, 1, 1, 1, 1, 1, 0, 0, 1, 0, 0, 0, 0, 0, 1, 1, 0, 0, 0, 0, 0, 1, 0, 0, 1, 0, 0, 0, 0, 1, 0, 0, 0, 1, 1, 0, 1, 1, 0, 0, 0, 1, 1, 1, 0, 0, 1, 1, 1, 1, 1, 1, 1, 0, 0, 0, 1, 1, 1, 1, 0, 0, 1, 0, 1, 1, 1, 1, 0, 0, 1, 0, 1, 0, 0, 0, 0, 1, 0, 1, 1, 0, 0, 1, 0, 0, 1, 1, 1, 0, 0, 0, 1, 1, 1, 1, 1, 0, 0, 0, 0, 0, 1, 1, 0, 0, 0, 1, 1, 0, 0, 0, 1, 1, 1, 1, 1, 1, 0, 0, 0, 0, 1, 0, 1]

Empfangene Symbole:
[(np.int64(29), 0, 0), (np.int64(15), 0, 3), (np.int64(25), 0, 1), (np.int64(29), 1, 2), (np.int64(1), 1, 1), (np.int64(2), 1, 1), (np.int64(30), 1, 0), (np.int64(31), 1, 2), (np.int64(0), 1, 3), (np.int64(30), 1, 1), (np.int64(25), 1, 2), (np.int64(29), 1, 3), (np.int64(26), 1, 1), (np.int64(26), 1, 1), (np.int64(30), 1, 0), (np.int64(7), 1, 3), (np.int64(18), 1, 3), (np.int64(30), 0, 1), (np.int64(28), 0, 0), (np.int64(8), 0, 0), (np.int64(31), 1, 1), (np.int64(25), 1, 0), (np.int64(0), 0, 1), (np.int64(3), 1, 0), (np.int64(6), 1, 1), (np.int64(31), 0, 1), (np.int64(0), 1, 2), (np.int64(0), 0, 1), (np.int64(1), 0, 0), (np.int64(25), 0, 0), (np.int64(28), 1, 3), (np.int64(30), 0, 1), (np.int64(28), 1, 1), (np.int64(28), 1, 1), (np.int64(1), 0, 3), (np.int64(4), 1, 3), (np.int64(3), 1, 3), (np.int64(0), 1, 2), (np.int64(6), 0, 1), (np.int64(31), 0, 0), (np.int64(11), 1, 2), (np.int64(4), 0, 2), (np.int64(4), 0, 2), (np.int64(24), 0, 2), (np.int64(22), 1, 2), (np.int64(8), 0, 1), (np.int64(0), 0, 3), (np.int64(0), 1, 2), (np.int64(22), 1, 2), (np.int64(24), 1, 0), (np.int64(9), 0, 0), (np.int64(0), 1, 3), (np.int64(28), 0, 0), (np.int64(1), 0, 0), (np.int64(3), 0, 3), (np.int64(1), 1, 2), (np.int64(30), 1, 0), (np.int64(8), 0, 2), (np.int64(28), 1, 2), (np.int64(4), 1, 2), (np.int64(2), 0, 3), (np.int64(3), 0, 3), (np.int64(31), 0, 2), (np.int64(29), 1, 3), (np.int64(3), 0, 1), (np.int64(3), 1, 3), (np.int64(30), 0, 2), (np.int64(26), 0, 2), (np.int64(0), 1, 0), (np.int64(7), 1, 2), (np.int64(18), 0, 3), (np.int64(31), 1, 3), (np.int64(4), 1, 0), (np.int64(31), 0, 2), (np.int64(31), 1, 0), (np.int64(7), 0, 3), (np.int64(30), 0, 1), (np.int64(1), 0, 0), (np.int64(7), 0, 2), (np.int64(6), 0, 0), (np.int64(3), 0, 0)]

----------------------------------------

